  24    0
  25    1
  26    2
  27    3
  28    4
  29    5
  30    6
  31    7
  32    8
  33    9
  34   10
  35   11
  36   12
  37   13
  38   14
  39   15
  40   16
  41   17
  42   18
  43   19
  44   20
  45   21
  46   22
  47   23
  48   24
  49   25
  50   26
  51   27
  52   28
  53   29
  54   30
  55   31
  56   63
  57   62
  58   61
  59   60
  60   59
  61   58
  62   57
  63   56
  64   55
  65   54
  66   53
  67   52
  68   51
  69   50
  70   49
  71   48
  72   47
  73   46
  74   45
  75   44
  76   43
  77   42
  78   41
  79   40
  80   39
  81   38
  82   37
  83   36
  84   35
  85   34
  86   33
  87   32
  88   64
  89   65
  90   66
  91   67
  92   68
  93   69
  94   70
  95   71
  96   72
  97   73
  98   74
  99   75
 100   76
 101   77
 102   78
 103   79
 104   80
 105   81
 106   82
 107   83
 108   84
 109   85
 110   86
 111   87
 112   88
 113   89
 114   90
 115   91
 116   92
 117   93
 118   94
 119   95
 120  127
 121  126
 122  125
 123  124
 124  123
 125  122
 126  121
 127  120
 128  119
 129  118
 130  117
 131  116
 132  115
 133  114
 134  113
 135  112
 136  111
 137  110
 138  109
 139  108
 140  107
 141  106
 142  105
 143  104
 144  103
 145  102
 146  101
 147  100
 148   99
 149   98
 150   97
 151   96
 152  128
 153  129
 154  130
 155  131
 156  132
 157  133
 158  134
 159  135
 160  136
 161  137
 162  138
 163  139
 164  140
 165  141
 166  142
 167  143
 168  144
 169  145
 170  146
 171  147
 172  148
 173  149
 174  150
 175  151
 176  152
 177  153
 178  154
 179  155
 180  156
 181  157
 182  158
 183  159
 184  191
 185  190
 186  189
 187  188
 188  187
 189  186
 190  185
 191  184
 192  183
 193  182
 194  181
 195  180
 196  179
 197  178
 198  177
 199  176
 200  175
 201  174
 202  173
 203  172
 204  171
 205  170
 206  169
 207  168
 208  167
 209  166
 210  165
 211  164
 212  163
 213  162
 214  161
 215  160
 216  192
 217  193
 218  194
 219  195
 220  196
 221  197
 222  198
 223  199
 224  200
 225  201
 226  202
 227  203
 228  204
 229  205
 230  206
 231  207
 232  208
 233  209
 234  210
 235  211
 236  212
 237  213
 238  214
 239  215
 240  216
 241  217
 242  218
 243  219
 244  220
 245  221
 246  222
 247  223
 248  255
 249  254
 250  253
 251  252
 252  251
 253  250
 254  249
 255  248
 256  247
 257  246
 258  245
 259  244
 260  243
 261  242
 262  241
 263  240
 264  239
 265  238
 266  237
 267  236
 268  235
 269  234
 270  233
 271  232
 272  231
 273  230
 274  229
 275  228
 276  227
 277  226
 278  225
 279  224
