   0    0
   1    1
   2    2
   3    3
   4 1532
   5 1533
   6 1534
   7 1535
   8 1520
   9 1521
  10 1522
  11 1523
  12 1516
  13 1517
  14 1518
  15 1519
  16 1392
  17 1393
  18 1394
  19 1395
  20 1388
  21 1389
  22 1390
  23 1391
  24 1376
  25 1377
  26 1378
  27 1379
  28 1372
  29 1373
  30 1374
  31 1375
  32   12
  33   13
  34   14
  35   15
  36   16
  37   17
  38   18
  39   19
  40 1500
  41 1501
  42 1502
  43 1503
  44 1504
  45 1505
  46 1506
  47 1507
  48 1404
  49 1405
  50 1406
  51 1407
  52 1408
  53 1409
  54 1410
  55 1411
  56 1356
  57 1357
  58 1358
  59 1359
  60 1360
  61 1361
  62 1362
  63 1363
  64   96
  65   97
  66   98
  67   99
  68   92
  69   93
  70   94
  71   95
  72  144
  73  145
  74  146
  75  147
  76  140
  77  141
  78  142
  79  143
  80 1232
  81 1233
  82 1234
  83 1235
  84 1228
  85 1229
  86 1230
  87 1231
  88 1280
  89 1281
  90 1282
  91 1283
  92 1276
  93 1277
  94 1278
  95 1279
  96  108
  97  109
  98  110
  99  111
 100  112
 101  113
 102  114
 103  115
 104  124
 105  125
 106  126
 107  127
 108  128
 109  129
 110  130
 111  131
 112 1244
 113 1245
 114 1246
 115 1247
 116 1248
 117 1249
 118 1250
 119 1251
 120 1260
 121 1261
 122 1262
 123 1263
 124 1264
 125 1265
 126 1266
 127 1267
 128  496
 129  497
 130  498
 131  499
 132  492
 133  493
 134  494
 135  495
 136  480
 137  481
 138  482
 139  483
 140  476
 141  477
 142  478
 143  479
 144  896
 145  897
 146  898
 147  899
 148  892
 149  893
 150  894
 151  895
 152  880
 153  881
 154  882
 155  883
 156  876
 157  877
 158  878
 159  879
 160  508
 161  509
 162  510
 163  511
 164  512
 165  513
 166  514
 167  515
 168  460
 169  461
 170  462
 171  463
 172  464
 173  465
 174  466
 175  467
 176  908
 177  909
 178  910
 179  911
 180  912
 181  913
 182  914
 183  915
 184  860
 185  861
 186  862
 187  863
 188  864
 189  865
 190  866
 191  867
 192  592
 193  593
 194  594
 195  595
 196  588
 197  589
 198  590
 199  591
 200  640
 201  641
 202  642
 203  643
 204  636
 205  637
 206  638
 207  639
 208  736
 209  737
 210  738
 211  739
 212  732
 213  733
 214  734
 215  735
 216  784
 217  785
 218  786
 219  787
 220  780
 221  781
 222  782
 223  783
 224  604
 225  605
 226  606
 227  607
 228  608
 229  609
 230  610
 231  611
 232  620
 233  621
 234  622
 235  623
 236  624
 237  625
 238  626
 239  627
 240  748
 241  749
 242  750
 243  751
 244  752
 245  753
 246  754
 247  755
 248  764
 249  765
 250  766
 251  767
 252  768
 253  769
 254  770
 255  771
 256    4
 257    5
 258    6
 259    7
 260 1528
 261 1529
 262 1530
 263 1531
 264 1524
 265 1525
 266 1526
 267 1527
 268 1512
 269 1513
 270 1514
 271 1515
 272 1396
 273 1397
 274 1398
 275 1399
 276 1384
 277 1385
 278 1386
 279 1387
 280 1380
 281 1381
 282 1382
 283 1383
 284 1368
 285 1369
 286 1370
 287 1371
 288    8
 289    9
 290   10
 291   11
 292   20
 293   21
 294   22
 295   23
 296 1496
 297 1497
 298 1498
 299 1499
 300 1508
 301 1509
 302 1510
 303 1511
 304 1400
 305 1401
 306 1402
 307 1403
 308 1412
 309 1413
 310 1414
 311 1415
 312 1352
 313 1353
 314 1354
 315 1355
 316 1364
 317 1365
 318 1366
 319 1367
 320  100
 321  101
 322  102
 323  103
 324   88
 325   89
 326   90
 327   91
 328  148
 329  149
 330  150
 331  151
 332  136
 333  137
 334  138
 335  139
 336 1236
 337 1237
 338 1238
 339 1239
 340 1224
 341 1225
 342 1226
 343 1227
 344 1284
 345 1285
 346 1286
 347 1287
 348 1272
 349 1273
 350 1274
 351 1275
 352  104
 353  105
 354  106
 355  107
 356  116
 357  117
 358  118
 359  119
 360  120
 361  121
 362  122
 363  123
 364  132
 365  133
 366  134
 367  135
 368 1240
 369 1241
 370 1242
 371 1243
 372 1252
 373 1253
 374 1254
 375 1255
 376 1256
 377 1257
 378 1258
 379 1259
 380 1268
 381 1269
 382 1270
 383 1271
 384  500
 385  501
 386  502
 387  503
 388  488
 389  489
 390  490
 391  491
 392  484
 393  485
 394  486
 395  487
 396  472
 397  473
 398  474
 399  475
 400  900
 401  901
 402  902
 403  903
 404  888
 405  889
 406  890
 407  891
 408  884
 409  885
 410  886
 411  887
 412  872
 413  873
 414  874
 415  875
 416  504
 417  505
 418  506
 419  507
 420  516
 421  517
 422  518
 423  519
 424  456
 425  457
 426  458
 427  459
 428  468
 429  469
 430  470
 431  471
 432  904
 433  905
 434  906
 435  907
 436  916
 437  917
 438  918
 439  919
 440  856
 441  857
 442  858
 443  859
 444  868
 445  869
 446  870
 447  871
 448  596
 449  597
 450  598
 451  599
 452  584
 453  585
 454  586
 455  587
 456  644
 457  645
 458  646
 459  647
 460  632
 461  633
 462  634
 463  635
 464  740
 465  741
 466  742
 467  743
 468  728
 469  729
 470  730
 471  731
 472  788
 473  789
 474  790
 475  791
 476  776
 477  777
 478  778
 479  779
 480  600
 481  601
 482  602
 483  603
 484  612
 485  613
 486  614
 487  615
 488  616
 489  617
 490  618
 491  619
 492  628
 493  629
 494  630
 495  631
 496  744
 497  745
 498  746
 499  747
 500  756
 501  757
 502  758
 503  759
 504  760
 505  761
 506  762
 507  763
 508  772
 509  773
 510  774
 511  775
 512   40
 513   41
 514   42
 515   43
 516   36
 517   37
 518   38
 519   39
 520 1480
 521 1481
 522 1482
 523 1483
 524 1476
 525 1477
 526 1478
 527 1479
 528 1432
 529 1433
 530 1434
 531 1435
 532 1428
 533 1429
 534 1430
 535 1431
 536 1336
 537 1337
 538 1338
 539 1339
 540 1332
 541 1333
 542 1334
 543 1335
 544   52
 545   53
 546   54
 547   55
 548   24
 549   25
 550   26
 551   27
 552 1492
 553 1493
 554 1494
 555 1495
 556 1464
 557 1465
 558 1466
 559 1467
 560 1444
 561 1445
 562 1446
 563 1447
 564 1416
 565 1417
 566 1418
 567 1419
 568 1348
 569 1349
 570 1350
 571 1351
 572 1320
 573 1321
 574 1322
 575 1323
 576   56
 577   57
 578   58
 579   59
 580   84
 581   85
 582   86
 583   87
 584  152
 585  153
 586  154
 587  155
 588 1460
 589 1461
 590 1462
 591 1463
 592 1448
 593 1449
 594 1450
 595 1451
 596 1220
 597 1221
 598 1222
 599 1223
 600 1288
 601 1289
 602 1290
 603 1291
 604 1316
 605 1317
 606 1318
 607 1319
 608   68
 609   69
 610   70
 611   71
 612   72
 613   73
 614   74
 615   75
 616  164
 617  165
 618  166
 619  167
 620  168
 621  169
 622  170
 623  171
 624 1204
 625 1205
 626 1206
 627 1207
 628 1208
 629 1209
 630 1210
 631 1211
 632 1300
 633 1301
 634 1302
 635 1303
 636 1304
 637 1305
 638 1306
 639 1307
 640  536
 641  537
 642  538
 643  539
 644  532
 645  533
 646  534
 647  535
 648  440
 649  441
 650  442
 651  443
 652  436
 653  437
 654  438
 655  439
 656  936
 657  937
 658  938
 659  939
 660  932
 661  933
 662  934
 663  935
 664  840
 665  841
 666  842
 667  843
 668  836
 669  837
 670  838
 671  839
 672  548
 673  549
 674  550
 675  551
 676  520
 677  521
 678  522
 679  523
 680  452
 681  453
 682  454
 683  455
 684  680
 685  681
 686  682
 687  683
 688  692
 689  693
 690  694
 691  695
 692  920
 693  921
 694  922
 695  923
 696  852
 697  853
 698  854
 699  855
 700  824
 701  825
 702  826
 703  827
 704  552
 705  553
 706  554
 707  555
 708  580
 709  581
 710  582
 711  583
 712  648
 713  649
 714  650
 715  651
 716  676
 717  677
 718  678
 719  679
 720  696
 721  697
 722  698
 723  699
 724  724
 725  725
 726  726
 727  727
 728  792
 729  793
 730  794
 731  795
 732  820
 733  821
 734  822
 735  823
 736  564
 737  565
 738  566
 739  567
 740  568
 741  569
 742  570
 743  571
 744  660
 745  661
 746  662
 747  663
 748  664
 749  665
 750  666
 751  667
 752  708
 753  709
 754  710
 755  711
 756  712
 757  713
 758  714
 759  715
 760  804
 761  805
 762  806
 763  807
 764  808
 765  809
 766  810
 767  811
 768   44
 769   45
 770   46
 771   47
 772   32
 773   33
 774   34
 775   35
 776 1484
 777 1485
 778 1486
 779 1487
 780 1472
 781 1473
 782 1474
 783 1475
 784 1436
 785 1437
 786 1438
 787 1439
 788 1424
 789 1425
 790 1426
 791 1427
 792 1340
 793 1341
 794 1342
 795 1343
 796 1328
 797 1329
 798 1330
 799 1331
 800   48
 801   49
 802   50
 803   51
 804   28
 805   29
 806   30
 807   31
 808 1488
 809 1489
 810 1490
 811 1491
 812 1468
 813 1469
 814 1470
 815 1471
 816 1440
 817 1441
 818 1442
 819 1443
 820 1420
 821 1421
 822 1422
 823 1423
 824 1344
 825 1345
 826 1346
 827 1347
 828 1324
 829 1325
 830 1326
 831 1327
 832   60
 833   61
 834   62
 835   63
 836   80
 837   81
 838   82
 839   83
 840  156
 841  157
 842  158
 843  159
 844 1456
 845 1457
 846 1458
 847 1459
 848 1452
 849 1453
 850 1454
 851 1455
 852 1216
 853 1217
 854 1218
 855 1219
 856 1292
 857 1293
 858 1294
 859 1295
 860 1312
 861 1313
 862 1314
 863 1315
 864   64
 865   65
 866   66
 867   67
 868   76
 869   77
 870   78
 871   79
 872  160
 873  161
 874  162
 875  163
 876  172
 877  173
 878  174
 879  175
 880 1200
 881 1201
 882 1202
 883 1203
 884 1212
 885 1213
 886 1214
 887 1215
 888 1296
 889 1297
 890 1298
 891 1299
 892 1308
 893 1309
 894 1310
 895 1311
 896  540
 897  541
 898  542
 899  543
 900  528
 901  529
 902  530
 903  531
 904  444
 905  445
 906  446
 907  447
 908  432
 909  433
 910  434
 911  435
 912  940
 913  941
 914  942
 915  943
 916  928
 917  929
 918  930
 919  931
 920  844
 921  845
 922  846
 923  847
 924  832
 925  833
 926  834
 927  835
 928  544
 929  545
 930  546
 931  547
 932  524
 933  525
 934  526
 935  527
 936  448
 937  449
 938  450
 939  451
 940  684
 941  685
 942  686
 943  687
 944  688
 945  689
 946  690
 947  691
 948  924
 949  925
 950  926
 951  927
 952  848
 953  849
 954  850
 955  851
 956  828
 957  829
 958  830
 959  831
 960  556
 961  557
 962  558
 963  559
 964  576
 965  577
 966  578
 967  579
 968  652
 969  653
 970  654
 971  655
 972  672
 973  673
 974  674
 975  675
 976  700
 977  701
 978  702
 979  703
 980  720
 981  721
 982  722
 983  723
 984  796
 985  797
 986  798
 987  799
 988  816
 989  817
 990  818
 991  819
 992  560
 993  561
 994  562
 995  563
 996  572
 997  573
 998  574
 999  575
1000  656
1001  657
1002  658
1003  659
1004  668
1005  669
1006  670
1007  671
1008  704
1009  705
1010  706
1011  707
1012  716
1013  717
1014  718
1015  719
1016  800
1017  801
1018  802
1019  803
1020  812
1021  813
1022  814
1023  815
1024  240
1025  241
1026  242
1027  243
1028  236
1029  237
1030  238
1031  239
1032  224
1033  225
1034  226
1035  227
1036  220
1037  221
1038  222
1039  223
1040 1152
1041 1153
1042 1154
1043 1155
1044 1148
1045 1149
1046 1150
1047 1151
1048 1136
1049 1137
1050 1138
1051 1139
1052 1132
1053 1133
1054 1134
1055 1135
1056  252
1057  253
1058  254
1059  255
1060  256
1061  257
1062  258
1063  259
1064  204
1065  205
1066  206
1067  207
1068  208
1069  209
1070  210
1071  211
1072 1164
1073 1165
1074 1166
1075 1167
1076 1168
1077 1169
1078 1170
1079 1171
1080 1116
1081 1117
1082 1118
1083 1119
1084 1120
1085 1121
1086 1122
1087 1123
1088  272
1089  273
1090  274
1091  275
1092  268
1093  269
1094  270
1095  271
1096  192
1097  193
1098  194
1099  195
1100  188
1101  189
1102  190
1103  191
1104 1184
1105 1185
1106 1186
1107 1187
1108 1180
1109 1181
1110 1182
1111 1183
1112 1104
1113 1105
1114 1106
1115 1107
1116 1100
1117 1101
1118 1102
1119 1103
1120  284
1121  285
1122  286
1123  287
1124  288
1125  289
1126  290
1127  291
1128  300
1129  301
1130  302
1131  303
1132  176
1133  177
1134  178
1135  179
1136 1196
1137 1197
1138 1198
1139 1199
1140 1072
1141 1073
1142 1074
1143 1075
1144 1084
1145 1085
1146 1086
1147 1087
1148 1088
1149 1089
1150 1090
1151 1091
1152  320
1153  321
1154  322
1155  323
1156  316
1157  317
1158  318
1159  319
1160  304
1161  305
1162  306
1163  307
1164  428
1165  429
1166  430
1167  431
1168  944
1169  945
1170  946
1171  947
1172 1068
1173 1069
1174 1070
1175 1071
1176 1056
1177 1057
1178 1058
1179 1059
1180 1052
1181 1053
1182 1054
1183 1055
1184  332
1185  333
1186  334
1187  335
1188  336
1189  337
1190  338
1191  339
1192  412
1193  413
1194  414
1195  415
1196  416
1197  417
1198  418
1199  419
1200  956
1201  957
1202  958
1203  959
1204  960
1205  961
1206  962
1207  963
1208 1036
1209 1037
1210 1038
1211 1039
1212 1040
1213 1041
1214 1042
1215 1043
1216  352
1217  353
1218  354
1219  355
1220  348
1221  349
1222  350
1223  351
1224  400
1225  401
1226  402
1227  403
1228  396
1229  397
1230  398
1231  399
1232  976
1233  977
1234  978
1235  979
1236  972
1237  973
1238  974
1239  975
1240 1024
1241 1025
1242 1026
1243 1027
1244 1020
1245 1021
1246 1022
1247 1023
1248  364
1249  365
1250  366
1251  367
1252  368
1253  369
1254  370
1255  371
1256  380
1257  381
1258  382
1259  383
1260  384
1261  385
1262  386
1263  387
1264  988
1265  989
1266  990
1267  991
1268  992
1269  993
1270  994
1271  995
1272 1004
1273 1005
1274 1006
1275 1007
1276 1008
1277 1009
1278 1010
1279 1011
1280  244
1281  245
1282  246
1283  247
1284  232
1285  233
1286  234
1287  235
1288  228
1289  229
1290  230
1291  231
1292  216
1293  217
1294  218
1295  219
1296 1156
1297 1157
1298 1158
1299 1159
1300 1144
1301 1145
1302 1146
1303 1147
1304 1140
1305 1141
1306 1142
1307 1143
1308 1128
1309 1129
1310 1130
1311 1131
1312  248
1313  249
1314  250
1315  251
1316  260
1317  261
1318  262
1319  263
1320  200
1321  201
1322  202
1323  203
1324  212
1325  213
1326  214
1327  215
1328 1160
1329 1161
1330 1162
1331 1163
1332 1172
1333 1173
1334 1174
1335 1175
1336 1112
1337 1113
1338 1114
1339 1115
1340 1124
1341 1125
1342 1126
1343 1127
1344  276
1345  277
1346  278
1347  279
1348  264
1349  265
1350  266
1351  267
1352  196
1353  197
1354  198
1355  199
1356  184
1357  185
1358  186
1359  187
1360 1188
1361 1189
1362 1190
1363 1191
1364 1176
1365 1177
1366 1178
1367 1179
1368 1108
1369 1109
1370 1110
1371 1111
1372 1096
1373 1097
1374 1098
1375 1099
1376  280
1377  281
1378  282
1379  283
1380  292
1381  293
1382  294
1383  295
1384  296
1385  297
1386  298
1387  299
1388  180
1389  181
1390  182
1391  183
1392 1192
1393 1193
1394 1194
1395 1195
1396 1076
1397 1077
1398 1078
1399 1079
1400 1080
1401 1081
1402 1082
1403 1083
1404 1092
1405 1093
1406 1094
1407 1095
1408  324
1409  325
1410  326
1411  327
1412  312
1413  313
1414  314
1415  315
1416  308
1417  309
1418  310
1419  311
1420  424
1421  425
1422  426
1423  427
1424  948
1425  949
1426  950
1427  951
1428 1064
1429 1065
1430 1066
1431 1067
1432 1060
1433 1061
1434 1062
1435 1063
1436 1048
1437 1049
1438 1050
1439 1051
1440  328
1441  329
1442  330
1443  331
1444  340
1445  341
1446  342
1447  343
1448  408
1449  409
1450  410
1451  411
1452  420
1453  421
1454  422
1455  423
1456  952
1457  953
1458  954
1459  955
1460  964
1461  965
1462  966
1463  967
1464 1032
1465 1033
1466 1034
1467 1035
1468 1044
1469 1045
1470 1046
1471 1047
1472  356
1473  357
1474  358
1475  359
1476  344
1477  345
1478  346
1479  347
1480  404
1481  405
1482  406
1483  407
1484  392
1485  393
1486  394
1487  395
1488  980
1489  981
1490  982
1491  983
1492  968
1493  969
1494  970
1495  971
1496 1028
1497 1029
1498 1030
1499 1031
1500 1016
1501 1017
1502 1018
1503 1019
1504  360
1505  361
1506  362
1507  363
1508  372
1509  373
1510  374
1511  375
1512  376
1513  377
1514  378
1515  379
1516  388
1517  389
1518  390
1519  391
1520  984
1521  985
1522  986
1523  987
1524  996
1525  997
1526  998
1527  999
1528 1000
1529 1001
1530 1002
1531 1003
1532 1012
1533 1013
1534 1014
1535 1015
1536 1536
1537 1537
1538 1538
1539 1539
1540 1540
1541 1541
1542 1542
1543 1543
1544 1544
1545 1545
1546 1546
1547 1547
1548 1548
1549 1549
1550 1550
1551 1551
1552 1552
1553 1553
1554 1554
1555 1555
1556 1556
1557 1557
1558 1558
1559 1559
1560 1560
1561 1561
1562 1562
1563 1563
1564 1564
1565 1565
1566 1566
1567 1567
1568 1599
1569 1598
1570 1597
1571 1596
1572 1595
1573 1594
1574 1593
1575 1592
1576 1591
1577 1590
1578 1589
1579 1588
1580 1587
1581 1586
1582 1585
1583 1584
1584 1583
1585 1582
1586 1581
1587 1580
1588 1579
1589 1578
1590 1577
1591 1576
1592 1575
1593 1574
1594 1573
1595 1572
1596 1571
1597 1570
1598 1569
1599 1568
1600 1600
1601 1601
1602 1602
1603 1603
1604 1604
1605 1605
1606 1606
1607 1607
1608 1608
1609 1609
1610 1610
1611 1611
1612 1612
1613 1613
1614 1614
1615 1615
1616 1616
1617 1617
1618 1618
1619 1619
1620 1620
1621 1621
1622 1622
1623 1623
1624 1624
1625 1625
1626 1626
1627 1627
1628 1628
1629 1629
1630 1630
1631 1631
1632 1663
1633 1662
1634 1661
1635 1660
1636 1659
1637 1658
1638 1657
1639 1656
1640 1655
1641 1654
1642 1653
1643 1652
1644 1651
1645 1650
1646 1649
1647 1648
1648 1647
1649 1646
1650 1645
1651 1644
1652 1643
1653 1642
1654 1641
1655 1640
1656 1639
1657 1638
1658 1637
1659 1636
1660 1635
1661 1634
1662 1633
1663 1632
1664 1664
1665 1665
1666 1666
1667 1667
1668 1668
1669 1669
1670 1670
1671 1671
1672 1672
1673 1673
1674 1674
1675 1675
1676 1676
1677 1677
1678 1678
1679 1679
1680 1680
1681 1681
1682 1682
1683 1683
1684 1684
1685 1685
1686 1686
1687 1687
1688 1688
1689 1689
1690 1690
1691 1691
1692 1692
1693 1693
1694 1694
1695 1695
1696 1727
1697 1726
1698 1725
1699 1724
1700 1723
1701 1722
1702 1721
1703 1720
1704 1719
1705 1718
1706 1717
1707 1716
1708 1715
1709 1714
1710 1713
1711 1712
1712 1711
1713 1710
1714 1709
1715 1708
1716 1707
1717 1706
1718 1705
1719 1704
1720 1703
1721 1702
1722 1701
1723 1700
1724 1699
1725 1698
1726 1697
1727 1696
1728 1728
1729 1729
1730 1730
1731 1731
1732 1732
1733 1733
1734 1734
1735 1735
1736 1736
1737 1737
1738 1738
1739 1739
1740 1740
1741 1741
1742 1742
1743 1743
1744 1744
1745 1745
1746 1746
1747 1747
1748 1748
1749 1749
1750 1750
1751 1751
1752 1752
1753 1753
1754 1754
1755 1755
1756 1756
1757 1757
1758 1758
1759 1759
1760 1791
1761 1790
1762 1789
1763 1788
1764 1787
1765 1786
1766 1785
1767 1784
1768 1783
1769 1782
1770 1781
1771 1780
1772 1779
1773 1778
1774 1777
1775 1776
1776 1775
1777 1774
1778 1773
1779 1772
1780 1771
1781 1770
1782 1769
1783 1768
1784 1767
1785 1766
1786 1765
1787 1764
1788 1763
1789 1762
1790 1761
1791 1760
